4.59074 3.13022 3.14527
4.59547 3.24008  3.1797
4.59382 3.34901  3.2175
 4.5858 3.45658 3.25853
4.57144 3.56237 3.30262
 4.5508 3.66595  3.3496
4.52396 3.76693 3.39928
4.49102  3.8649 3.45147
4.45212 3.95948 3.50596
4.40741 4.05029 3.56254
4.35706 4.13698 3.62098
4.30127  4.2192 3.68105
4.24027 4.29663 3.74253
4.17429 4.36897 3.80515
4.10359 4.43593 3.86869
4.02846 4.49724 3.93288
3.94918 4.55266 3.99747
3.86607 4.60198 4.06222
3.77947   4.645 4.12686
 3.6897 4.68155 4.19113
3.59713 4.71149  4.2548
3.50211  4.7347  4.3176
3.40503 4.75108 4.37928
3.30627 4.76058 4.43961
3.20621 4.76316 4.49835
3.10525 4.75879 4.55526
3.00379 4.74752 4.61012
2.90223 4.72936 4.66271
2.80097 4.70441 4.71283
 2.7004 4.67275 4.76028
2.60093 4.63452 4.80487
2.50295 4.58986 4.84643
2.40683 4.53895 4.88479
2.31297 4.48198  4.9198
2.22174 4.41919 4.95132
2.13348 4.35082 4.97924
2.04855 4.27714 5.00343
1.96729 4.19845  5.0238
1.89001 4.11504 5.04028
1.81702 4.02726 5.05279
1.74861 3.93544  5.0613
1.68504 3.83995 5.06576
1.62658 3.74117 5.06615
1.57344 3.63948 5.06248
1.52583 3.53529 5.05477
1.48396   3.429 5.04303
1.44797 3.32104 5.02732
1.41801 3.21182  5.0077
1.39421 3.10179 4.98425
1.37665 2.99138 4.95705
 1.3654 2.88102 4.92622
1.36051 2.77114 4.89188
  1.362 2.66218 4.85416
1.36986 2.55457 4.81322
1.38405 2.44873  4.7692
1.40454 2.34508  4.7223
1.43122 2.24403 4.67268
1.46401 2.14598 4.62055
1.50276 2.05131 4.56612
1.54733  1.9604 4.50959
1.59754  1.8736 4.45119
1.65319 1.79127 4.39115
1.71406 1.71371 4.32971
1.77992 1.64124 4.26711
 1.8505 1.57414  4.2036
1.92553 1.51269 4.13942
 2.0047 1.45711 4.07483
2.08771 1.40763 4.01009
2.17424 1.36445 3.94544
2.26393 1.32773 3.88115
2.35643 1.29763 3.81747
2.45139 1.27425 3.75465
2.54842 1.25769 3.69293
2.64715 1.24801 3.63257
2.74718 1.24526 3.57379
2.84812 1.24945 3.51683
2.94957 1.26055 3.46191
3.05114 1.27853 3.40926
3.15241 1.30331 3.35907
  3.253  1.3348 3.31155
 3.3525 1.37287 3.26689
3.45053 1.41737 3.22525
3.54669 1.46813 3.18681
3.64062 1.52494 3.15171
3.73193 1.58759  3.1201
3.82026 1.65582 3.09209
3.90528 1.72936 3.06781
3.98664 1.80794 3.04733
4.06402 1.89123 3.03076
4.13712  1.9789 3.01814
4.20565 2.07062 3.00953
4.26935 2.16602 3.00497
4.32795 2.26473 3.00447
4.38122 2.36635 3.00804
4.42897 2.47048 3.01565
4.47099 2.57672 3.02729
4.50713 2.68465  3.0429
4.53724 2.79383 3.06242
 4.5612 2.90385 3.08578
4.57892 3.01426 3.11288
