    1.68092    0.266989   -0.881777
    1.68565    0.376849   -0.847348
      1.684     0.48578   -0.809546
    1.67598    0.593351   -0.768519
    1.66162    0.699138    -0.72443
    1.64098    0.802725   -0.677452
    1.61414    0.903703   -0.627771
     1.5812     1.00167   -0.575582
     1.5423     1.09625   -0.521091
    1.49758     1.18706   -0.464513
    1.44723     1.27375    -0.40607
    1.39145     1.35597   -0.345995
    1.33044      1.4334   -0.284522
    1.26446     1.50574   -0.221895
    1.19377      1.5727   -0.158361
    1.11863     1.63401  -0.0941696
    1.03936     1.68943  -0.0295743
    0.95625     1.73875   0.0351703
   0.869643     1.78177   0.0998089
   0.779876     1.81832    0.164087
   0.687303     1.84826     0.22775
   0.592289     1.87147    0.290548
   0.495209     1.88785    0.352234
   0.396445     1.89735    0.412563
   0.296386     1.89993    0.471299
   0.195428     1.89556    0.528209
   0.093968     1.88429    0.583069
-0.00759394     1.86613    0.635663
  -0.108857     1.84118    0.685784
  -0.209423     1.80953    0.733233
  -0.308894     1.77129    0.777825
  -0.406878     1.72663    0.819382
   -0.50299     1.67572    0.857742
   -0.59685     1.61875    0.892753
  -0.688089     1.55596    0.924276
  -0.776346     1.48759    0.952188
  -0.861273     1.41391    0.976379
  -0.942536     1.33522    0.996754
   -1.01981     1.25181     1.01323
    -1.0928     1.16403     1.02575
   -1.16122     1.07221     1.03425
   -1.22478    0.976722     1.03871
   -1.28325    0.877939      1.0391
   -1.33639    0.776249     1.03544
   -1.38399    0.672055     1.02772
   -1.42587    0.565768     1.01598
   -1.46186    0.457806     1.00027
   -1.49181    0.348594    0.980653
   -1.51562    0.238564    0.957199
   -1.53318     0.12815    0.930003
   -1.54442   0.0177859    0.899174
   -1.54931  -0.0920923    0.864833
   -1.54783   -0.201052    0.827115
   -1.53997   -0.308662    0.786168
   -1.52577     -0.4145    0.742154
   -1.50529   -0.518148    0.695247
    -1.4786   -0.619197    0.645632
   -1.44582   -0.717249    0.593504
   -1.40707   -0.811918    0.539069
    -1.3625    -0.90283    0.482541
   -1.31229   -0.989626    0.424143
   -1.25664    -1.07196    0.364106
   -1.19576    -1.14952    0.302666
   -1.12991    -1.22199    0.240066
   -1.05933    -1.28909    0.176551
  -0.984299    -1.35054    0.112373
  -0.905124    -1.40612    0.047785
  -0.822112     -1.4556  -0.0169589
   -0.73559    -1.49878  -0.0816034
  -0.645899     -1.5355   -0.145893
  -0.553393     -1.5656   -0.209576
  -0.458436    -1.58898   -0.272399
  -0.361403    -1.60554   -0.334116
  -0.262677    -1.61522   -0.394482
  -0.162647    -1.61797   -0.453261
 -0.0617063    -1.61378    -0.51022
   0.039746    -1.60268   -0.565135
    0.14131     -1.5847   -0.617789
   0.242586    -1.55992   -0.667975
   0.343174    -1.52843   -0.715495
   0.442678    -1.49036   -0.760161
   0.540705    -1.44586   -0.801797
   0.636869     -1.3951    -0.84024
   0.730791    -1.33829   -0.875338
     0.8221    -1.27564   -0.906951
   0.910437    -1.20741   -0.934956
   0.995453    -1.13387   -0.959243
    1.07681    -1.05529   -0.979715
     1.1542   -0.972003   -0.996292
     1.2273   -0.884326    -1.00891
    1.29583   -0.792606    -1.01751
    1.35952   -0.697206    -1.02208
    1.41812   -0.598501    -1.02257
     1.4714    -0.49688    -1.01901
    1.51914   -0.392745    -1.01139
    1.56117   -0.286505    -0.99976
    1.59731    -0.17858    -0.98415
    1.62742  -0.0693953   -0.964628
    1.65138   0.0406192    -0.94127
     1.6691    0.151029   -0.914169
