   2.21608    0.16631          0
   2.21186   0.300533          0
   2.19923   0.434226          0
   2.17824   0.566863          0
   2.14896   0.697921          0
   2.11151   0.826883          0
   2.06604    0.95324          0
   2.01274     1.0765          0
    1.9518    1.19616          0
   1.88347    1.31177          0
   1.80802    1.42286          0
   1.72575    1.52899          0
   1.63698    1.62976          0
   1.54206    1.72475          0
   1.44137     1.8136          0
    1.3353    1.89596          0
   1.22427    1.97149          0
   1.10872    2.03991          0
    0.9891    2.10095          0
  0.865888    2.15435          0
  0.739566    2.19992          0
  0.610634    2.23747          0
    0.4796    2.26685          0
   0.34698    2.28795          0
  0.213296    2.30069          0
 0.0790774    2.30501          0
-0.0551483    2.30091          0
 -0.188852    2.28838          0
 -0.321505    2.26749          0
 -0.452586    2.23831          0
 -0.581578    2.20097          0
 -0.707972     2.1556          0
 -0.831269     2.1024          0
 -0.950984    2.04155          0
  -1.06664    1.97332          0
   -1.1778    1.89796          0
    -1.284    1.81577          0
  -1.38483    1.72708          0
   -1.4799    1.63224          0
  -1.56883    1.53162          0
  -1.65127    1.42561          0
   -1.7269    1.31464          0
  -1.79541    1.19915          0
  -1.85653    1.07958          0
  -1.91004   0.956407          0
  -1.95571   0.830122          0
  -1.99336    0.70122          0
  -2.02285   0.570209          0
  -2.04405   0.437605          0
   -2.0569   0.303932          0
  -2.06133   0.169717          0
  -2.05733  0.0354877          0
  -2.04491 -0.0982254          0
  -2.02412  -0.230896          0
  -1.99505     -0.362          0
  -1.95781  -0.491021          0
  -1.91254  -0.617451          0
  -1.85943  -0.740791          0
  -1.79869  -0.860554          0
  -1.73054  -0.976269          0
  -1.65527   -1.08748          0
  -1.57317   -1.19375          0
  -1.48456   -1.29465          0
   -1.3898    -1.3898          0
  -1.28924   -1.47881          0
   -1.1833   -1.56133          0
  -1.07239   -1.63704          0
 -0.956952   -1.70565          0
 -0.837431   -1.76687          0
 -0.714304   -1.82047          0
 -0.588056   -1.86624          0
 -0.459184     -1.904          0
 -0.328196   -1.93359          0
  -0.19561    -1.9549          0
 -0.061947   -1.96785          0
  0.072265   -1.97239          0
  0.206497   -1.96849          0
   0.34022   -1.95618          0
  0.472907    -1.9355          0
  0.604034   -1.90654          0
  0.733085    -1.8694          0
  0.859551   -1.82423          0
  0.982933   -1.77122          0
   1.10274   -1.71057          0
   1.21851   -1.64252          0
   1.32978   -1.56734          0
   1.43612   -1.48532          0
   1.53709   -1.39679          0
   1.63231    -1.3021          0
    1.7214   -1.20162          0
   1.80401   -1.09574          0
   1.87981  -0.984894          0
   1.94851  -0.869506          0
   2.00983  -0.750034          0
   2.06353   -0.62695          0
   2.10939  -0.500738          0
   2.14725  -0.371896          0
   2.17695  -0.240932          0
   2.19837  -0.108363          0
   2.21143  0.0252898          0
