   -1.04759    -1.67593 -0.00166232
 -0.0471682     -1.9937   -0.199565
   0.839162    -1.83902   -0.285059
    1.77412    -1.13987   -0.306245
    2.22273   -0.328657   -0.374267
    2.09736    0.702882   -0.355136
    1.56086     1.58889  -0.0787845
   0.808876     2.26001   0.0279166
   -0.28544     2.25809    0.307246
    -1.2684     1.80874    0.455598
   -1.97097    0.944667    0.300813
   -2.04255   0.0434978    0.359793
   -1.70953   -0.978777    0.050656
  -0.931469    -1.65083   0.0986961
